9.521362964969793 3.5606445619659675
-4.521450675706905 -5.88472932887415
5.641260216334788 -5.791859616588818
0.6586655288920958 -3.49024676357861
-8.753334610011937 -7.409467930347236
9.722932932727293 -9.62773682919744
-3.646492365840867 2.1667439728641975
-8.18830176966982 4.934789287040956
4.181923845245361 7.954742523934072
-1.9418143487044661 -1.5728025389438773
8.235718512246525 0.6344129409594851
0.561076182138384 -5.105148305040273
4.461413045803629 -8.989080317549591
-5.3253428627367105 -0.20269637244084415
-7.707406872659044 2.943626520987257
7.4008412942433015 -4.901374291345482
-9.009361682596888 9.717901948603945
1.0482254253559298 -6.1540560660975085
4.590363635867742 -4.792432709367996
8.77353129774755 6.53040036244226
3.2199776695485243 2.2191292752118033
2.8839437785612017 4.014493600471377
6.865876906613402 2.0070523058667953
3.8658218985497714 -6.36697404869841
1.0884645011478216 3.9443908553194236
-4.675662160766073 -4.875987979130585
7.084791147765202 3.2838717071377763
-0.8711231602144793 -6.8023165030599735
-8.534179931446246 2.4698775158604094
-9.93708070701133 1.8590183195052175
5.714016524580414 -1.2793592924247907
-1.1443970096818177 -2.829812780290855
2.8001287025451775 -8.561066999160099
4.746885435177354 1.5162441099981596
6.0273052149264 -7.579648635131483
5.391968876214142 -9.195242566534604
8.15188291654523 2.8765263523258047
3.126893983613809 0.061800209003817885
-8.1219190075421 2.427833004251542
-4.630930853535295 7.2612466958536315
-9.40711739301853 -6.890559754019689
9.652501256009657 -3.5668783880942607
9.813336967636815 -5.970525900650137
0.7309143412028506 6.439201973773644
3.3205204726308226 -4.025753423964543
2.209195978783679 5.420318747337257
-2.432152466444773 5.236751646697273
-9.225862937459533 0.5537100036995883
4.068091444459516 -7.898953490121607
8.217390445935251 6.478077732727687
-3.056534028542515 5.163882894092746
1.4565575858295565 -2.898330418672893
-4.267266640156508 -1.6011835343097238
0.6084833704910316 -9.463623176809604
5.571187226453192 8.441651935158294
-2.509240988945384 6.754574039173525
-5.007539264235061 2.0958551308931512
2.1781561015080584 6.065808316252561
-4.488061139186806 -7.855801077623095
-9.774617501901382 -0.2895198329158899
-9.24076930401754 -7.873797721366152
9.640607700489893 -8.085390529100357
-1.351252406196957 -5.202062458962214
1.154277224981898 3.748591391610082
6.340781842361022 9.596770485530335
-8.035472508067476 2.019893887463172
5.356108814023103 0.928954127310162
-2.1634982201558346 6.474578765210538
7.101898831949101 -9.7176863499273
5.380126087740152 6.253197382820137
9.673744684271062 6.326703944051362
0.35814195820423234 -4.841031846072972
7.102501873055228 7.777711815936857
3.7806734123923356 -0.010109416441937635
1.9595819640574463 -8.942627357166614
2.6616126250092114 2.657633540044802
-2.095719542013796 2.873991372865113
1.7047781323201971 4.5210850239825096
-9.593282415355485 -8.277812300755231
7.282169548813915 -3.547876245045075
8.61122234158905 2.8405897590145885
1.1478675744673137 -6.4356635139552685
1.5847577454827995 1.9532374127835368
-7.241925447942927 -3.6219497746774856
-7.477146180959273 -7.859667041643229
5.192099550124759 -3.576239684630531
7.245006072175435 0.17555179671292398
8.835187403808963 7.202381818618193
9.536392463073076 0.46454014013066636
2.344317762378927 -4.211829519268136
4.0867358723244465 -6.564620409888898
-3.571999831079124 7.523921857065749
-7.786708090997914 9.822346546703592
5.517189398230193 2.3229817850409473
-4.012416649402279 6.202618789963363
-5.29406361475293 -1.0699463430422087
-8.719003947275082 0.9042523880568045
-3.240619875462893 -4.042449716557706
-5.832475563408182 1.594980602851527
1.418428710132825 -1.7313391381148313
